-1.3222
3.8997
-4.0689
6.4256
5.6379
-0.8299
1.0063
0.3580
2.1670
-8.6622
-3.3516
3.6101
-9.5205
-3.2782
5.1129
-0.2476
-1.6827
5.7126
-11.9092
5.4008
-6.7433
4.7167
-2.1317
2.8777
-2.3798
7.0464
-3.7896
-7.3974
0.3999
-3.6807
-8.1357
-7.1007
-5.1708
-3.2791
0.4013
0.2094
-1.4279
-12.8453
3.2721
-4.1729
-2.5799
-9.5389
4.7024
-0.2823
2.8526
-6.4126
-5.1087
-0.8881
-2.5254
-11.7407
-6.1040
-6.7232
13.3079
-3.1308
-7.8534
-2.6637
5.1954
-6.2190
-7.5501
2.0483
-6.8679
-0.4849
5.4798
-3.4780
6.1888
-3.4224
-9.9053
-3.6025
2.0098
-12.0357
-5.5059
-1.9250
-1.4720
-2.5320
-1.9916
-10.1139
-12.4734
0.7766
8.8980
-0.7974
1.1724
-6.7096
-9.0149
-4.1387
-3.7478
-10.4536
-6.9631
0.5269
-4.1579
-5.0527
1.5048
-2.8058
-1.1375
-6.4357
-15.5109
-12.1376
2.8269
4.2572
2.7453
-10.9997
-13.3633
12.3352
-4.1042
17.8036
2.0427
11.2078
-2.5904
0.1909
-0.8103
-2.5928
5.8330
-2.3844
-2.8856
3.3881
-2.5975
-13.5608
-7.3710
-0.2481
-8.0022
1.7340
-9.6666
6.0099
1.2946
3.7696
-6.6019
-3.0993
3.2581
0.8047
-3.8804
3.9991
2.2191
0.6386
-9.9389
0.7413
5.4497
3.5015
-5.1631
2.4806
9.0409
-4.8481
-7.5099
-2.1199
-3.7155
-5.3459
-3.6203
-0.0287
-2.1385
2.4066
-2.2361
13.2293
-1.3303
3.9927
-8.2175
-5.7995
3.2376
3.2902
0.1793
7.7563
0.3701
-2.6041
2.2394
-4.1159
-6.1361
1.2679
2.0452
-4.6741
-2.7132
-0.0301
9.1585
7.1750
0.4335
-8.0221
-0.2505
-4.3131
0.7910
4.1023
-0.8632
-1.4879
-7.4789
3.8199
2.7029
-2.6869
-8.6827
4.4586
-6.3167
-7.0388
3.8814
2.5233
-1.2058
-4.0413
-1.3278
2.6554
-1.1056
4.9791
-3.5994
-4.1609
-18.9443
3.1457
8.8054
-5.6980
3.4847
3.6079
0.5466
-11.6041
4.4920
7.4234
-2.7582
-7.8263
8.3597
6.2606
1.6348
-5.2164
0.7910
0.1348
-8.8702
-7.1679
-20.9339
-1.9752
3.6582
0.7811
-6.5093
-5.9345
6.7483
5.1150
6.9764
-5.2171
1.0456
4.0607
2.1650
-9.1840
-1.8112
19.0534
1.1610
-2.6342
12.7794
-5.6085
-6.0123
-1.9270
2.5401
-9.9584
-8.1728
-0.6922
2.4377
-9.3991
4.0477
3.5473
-11.8504
-4.8139
-10.8175
0.1765
-1.3167
1.9654
-0.8229
-2.3843
3.0700
0.7084
2.2878
0.1371
6.4490
-4.2458
4.2793
3.0265
-7.5511
-3.7602
2.5021
2.9237
-1.7277
1.3197
-4.7556
9.0294
-4.9346
10.5795
6.3078
-0.5355
3.7737
-7.4589
-4.3155
-8.3977
2.8479
2.2703
-4.1937
-3.2200
2.3202
-7.2334
-2.5058
-4.6894
-2.3235
-1.8875
-5.5670
-4.2747
-4.5086
-2.8653
-3.1655
-3.2253
-5.2121
-10.8587
-0.6878
3.6523
-8.2644
0.5955
-0.3982
-4.5151
-11.0433
3.4940
-6.2699
-8.0077
1.6273
-1.3786
-7.4499
0.4552
-12.2674
3.3942
0.5217
-1.8858
-5.8140
0.1214
3.8382
-6.6246
4.7428
-5.0676
1.5444
3.3829
-5.5434
-0.8405
-1.3706
0.0202
-5.7024
6.0026
-6.3761
-3.0490
0.5538
-5.0042
3.8985
7.5404
3.0459
-0.5123
5.2976
4.1597
-1.1784
-0.1184
9.2772
-12.3315
-9.3109
-3.8554
-1.5207
3.1459
5.8069
1.1902
-7.5300
-4.4073
5.3896
-6.4224
3.6339
6.5054
-6.0401
7.2430
1.9361
-1.8761
7.5633
-2.9140
-7.4775
-3.9299
1.0099
1.5442
-7.3390
-6.9424
2.3730
0.1883
-12.9259
3.3362
2.0160
-11.6254
5.4625
4.1519
-5.0095
-0.8947
6.6887
4.5860
5.5815
-4.2858
-0.8510
-0.5186
5.4383
6.3126
5.2003
-2.7697
-1.7436
-9.8957
-2.4286
-6.2999
3.1082
-5.7736
-1.9077
-8.1752
-10.3527
1.4593
-6.4369
2.2891
-8.1177
-4.8126
-0.8157
1.0639
-0.2660
-11.9671
-15.4337
5.8105
-7.8591
-7.6447
-7.7600
-3.8855
1.8711
-0.4893
3.8382
-1.6097
7.2623
6.2394
-1.3745
-5.0274
-3.0640
-3.9546
0.7205
1.9352
2.7781
0.6484
10.3052
0.0474
2.4695
-6.3996
10.8444
1.6824
-1.0141
-2.2623
-3.5337
7.0006
-6.9994
3.8479
-7.2912
-11.2281
-12.2845
4.9470
2.7257
-0.7582
1.6465
-0.3334
9.3604
0.7786
2.5932
-7.7818
2.6352
-11.7715
4.7715
2.7075
-4.9793
1.8447
-10.0893
8.1036
-10.7779
0.8987
-10.3994
3.5062
-4.4070
0.9315
10.0115
0.7652
-13.5543
-7.1839
-7.0983
-6.8544
-0.5531
7.0157
5.6559
-1.9463
-14.1821
-2.2249
-4.4929
5.2235
0.7207
-5.8721
1.4134
-5.9231
6.7804
4.7124
2.0635
0.0686
0.0885
-13.0295
-3.7613
3.1050
-5.1474
-10.0965
1.7448
-0.2849
-9.8485
3.3566
-5.2891
5.9758
1.3587
0.0397
-2.1605
2.3838
-1.5342
4.9243
-4.8295
-6.7196
-1.7273
-0.3970
6.3840
5.8850
1.1825
-9.2399
3.1399
2.0073
-5.4168
1.3082
-1.2023
-0.0333
-4.7271
2.3447
4.4734
-2.2646
4.1689
-3.0279
-0.6402
26.3748
14.1614
-1.4016
5.4305
3.6738
-4.8600
2.8496
2.6026
-3.0708
3.1303
-3.7415
18.4706
6.4551
0.7703
-1.2439
9.7416
-4.0818
10.6750
0.9549
5.3871
-1.9593
-2.3225
1.1980
-4.2286
1.1720
-0.4801
4.3496
10.5033
-0.0476
6.2010
1.0039
-5.7925
1.2285
-7.0679
7.5800
-8.5003
2.5726
-0.1170
-0.4203
7.5196
3.5942
8.0512
1.6145
-2.6346
-6.5734
1.0161
-5.5603
-0.7380
-4.3564
3.6009
-4.0490
10.9794
8.3657
0.3967
-0.2507
1.9181
3.5104
4.7154
-4.2425
5.7383
-1.2822
-3.4286
2.9624
2.2448
1.7379
-1.7540
6.8376
-0.4216
-5.7847
-6.5666
-10.7939
3.2143
4.5616
-8.9881
-4.7037
6.0972
-1.3479
-1.6429
12.0650
6.3389
-0.4708
-2.2195
-7.1564
-1.6272
1.1900
3.0988
-2.4508
11.3231
-3.4015
1.0829
-2.5645
5.5862
3.8579
-10.3505
9.6013
6.1609
4.1151
-8.5644
5.4665
-6.0331
-8.0321
-0.0552
-3.3952
8.0483
7.0069
0.2931
11.2760
5.4005
1.6684
-2.9719
1.6057
-9.1209
6.4966
6.9251
0.2728
1.3602
-3.0370
-8.2579
5.5285
5.9000
3.8873
-6.6637
3.6942
2.3740
-9.2848
11.4273
16.5362
5.3902
3.0454
1.2840
-5.6657
5.8619
-6.3153
0.5666
-5.0975
-6.1758
3.2184
-1.4185
-1.0601
-3.4748
12.2000
6.4803
-2.7002
12.2702
-0.3473
-3.4389
-0.3738
7.3242
1.4288
3.0388
9.5683
-1.7877
-2.7485
11.4994
8.8233
-4.5889
5.6191
5.1060
8.3541
-0.4049
0.0071
17.8214
9.6955
0.9412
-0.7192
-1.6012
0.8382
-6.2603
-7.1462
4.7581
-7.4232
-6.2626
5.1465
-2.9527
6.0356
3.0405
-10.4036
5.3340
6.1957
8.3133
10.9339
-1.8654
0.3451
-3.6360
-4.8503
2.2198
-5.3046
-0.6583
-2.0800
1.0421
5.5915
-15.9813
4.9183
5.5791
-1.6691
10.1568
-8.2862
-0.8912
-2.7333
6.1422
-2.5304
-11.3531
-3.2687
7.3250
6.1814
6.2780
-4.2852
3.3440
-4.0318
2.2677
16.8298
-2.7865
10.3262
6.7479
-4.1095
-8.0882
8.2275
-3.2757
3.6868
5.3702
1.2000
0.4210
2.1144
-1.3347
3.5684
12.1120
10.2068
5.4510
2.0042
2.8394
3.9596
-1.4789
2.2307
-5.4901
-1.6921
-1.1475
8.0681
-3.4731
-4.3746
6.8420
-0.4158
5.9315
1.8801
2.3327
6.4908
-1.3600
7.8122
-1.9367
4.8532
9.0462
7.8995
0.9978
-2.3952
1.8222
3.7402
1.8887
7.3021
8.4512
-7.2865
2.9348
-7.8385
7.9012
-5.9280
6.2617
12.8284
6.2379
-3.7736
12.9287
7.3586
1.1595
-2.3598
-2.3185
2.6980
10.6226
4.0414
-2.1094
-1.7199
15.1725
-6.1551
-3.0856
7.4559
0.0194
8.2850
-4.9638
-4.8482
-7.2120
-9.2391
1.4416
-3.7642
14.2861
-11.4038
4.6576
3.3985
5.5800
0.2242
1.5408
-0.8981
-2.2785
3.0679
-2.9957
-0.5736
2.9870
5.8161
0.1721
-3.2628
3.5782
0.1777
-2.1268
-4.4476
-6.3443
-3.7401
-3.0046
-1.4930
8.2171
-4.5383
2.2822
3.2748
-2.0799
-7.2705
9.6991
5.8392
5.0958
-2.7877
8.7745
3.1122
-5.6986
-4.0435
6.9495
-11.0030
-1.7903
7.3547
-2.1515
-7.9301
-1.8773
4.7284
3.3982
-0.6679
-1.3671
14.6171
5.1527
-3.9817
-0.0895
3.1197
-11.1443
-0.1346
-2.3585
1.4169
-1.0539
15.8218
4.9422
2.2947
7.6748
6.8183
3.4650
-1.2670
-10.2598
9.6772
-6.1096
-9.7359
-1.0416
-12.8774
-9.3826
-10.0202
2.5805
-3.1784
1.1652
2.2802
-2.9198
-4.5189
15.5498
5.0449
8.9840
2.8026
0.9005
-0.8818
-12.9058
-0.7254
3.4500
-6.4269
1.3853
3.3015
0.7540
-4.1853
4.6207
-7.0981
6.5391
5.7152
-1.1410
-13.3089
3.1762
9.9196
-3.9745
10.7072
3.7552
-9.8869
6.9590
6.5623
0.1628
-8.2415
-4.0753
8.2045
-7.6370
-3.5095
6.0965
-4.1324
8.8609
1.3270
15.1372
2.0263
6.3830
2.6034
4.7297
2.9496
2.8245
5.4509
-0.1197
1.0223
4.1769
1.7916
5.2163
3.3561
5.4769
4.0191
1.3758
2.5584
4.2334
5.2705
-5.2098
-1.0279
1.6709
-0.6661
3.0329
-5.9857
-8.6527
8.7440
-7.6656
0.0603
-4.0304
-5.5327
9.4935
-5.2576
0.5526
3.9744
-0.7969
7.4186
1.6465
11.6326
1.5565
-3.4574
0.4085
-5.7326
-3.6649
4.1934
-5.2898
-10.5325
-7.5543
1.8694
7.9597
-2.2850
-2.2686
5.8788
1.0020
-5.9522
-2.3274
-9.4756
-3.2553
6.6002
2.3838
-10.9114
-5.8399
-5.2988
1.0590
-7.0664
4.6529
3.1971
-1.9127
-5.0529
-5.8955
-5.7380
-3.4709
-1.6411
6.2256
4.9128
0.5834
-4.2041
8.9061
0.9458
4.6382
5.8951
2.3535
-7.9520
-2.0669
-0.4558
-1.1511
-1.0756
2.5654
-9.1283
-10.3670
1.9524
-3.3698
10.6935
-9.9524
-8.6645
-1.5133
-9.7811
2.2113
-4.7848
-1.7602
-8.6339
8.2691
2.0478
-20.1039
-0.7353
-3.7775
2.1868
-7.6624
6.2232
1.0554
1.5783
-10.4711
1.8503
10.8450
7.1273
-0.7799
-0.2416
-1.7986
4.3651
8.1455
4.2083
-5.5640
4.9327
5.0672
-6.2988
7.0999
-4.9005
8.4533
-1.7238
-2.9021
-9.9772
-12.4140
2.6592
-2.4775
-9.0758
7.2352
2.8653
-8.4102
-1.5561
-9.9245
-2.8162
0.7770
17.4819
5.4609
-0.3606
4.3787
2.9251
-3.4231
-7.0550
-14.9090
1.1434
-1.4722
7.9845
-9.4762
-8.8158
-3.7792
-8.5161
-4.9627
-15.5884
4.9582
-2.2647
-2.1073
-6.1195
-1.4067
3.7353
-6.7462
-0.9603
6.7976
-4.4537
-4.7194
-5.7497
-5.7807
-1.9198
-0.2972
-8.7674
2.4210
-0.6432
-10.7789
3.5583
2.8055
0.6767
2.2847
-7.2347
-3.4376
-3.4308
4.0748
0.9547
-4.6448
-3.3300
1.5030
-15.9747
1.3733
0.7638
3.3081
12.4120
-0.1171
-5.1422
1.9738
2.7627
-4.3116
10.1386
-13.2808
-6.7447
-5.1944
-2.2837
3.1416
9.8900
5.2106
-0.1882
15.2483
-7.0182
-0.1979
1.5040
1.9597
1.7911
-6.5870
-7.4459
-11.4065
0.4940
-0.0667
4.6520
-5.3539
-5.6395
1.8810
-7.0312
6.4184
-4.3546
-1.0264
-4.9459
-7.3237
-3.1647
-7.1234
-4.6838
-3.5869
-4.4580
-3.9332
-1.5250
1.9870
-3.6191
-3.0242
-3.2409
-4.4460
1.4951
-1.0448
-0.2226
-4.5779
10.7400
4.4967
3.1667
-1.7042
1.1984
-1.4090
2.4806
-5.8221
-9.2009
5.8748
-11.7185
5.8996
-1.6753
-3.1805
4.8388
-5.4520
3.6175
4.7652
-0.6675
-6.3159
0.5093
2.4651
-5.5019
-12.0794
-2.0496
-0.0114
-2.2400
3.6870
1.0247
-11.6524
-6.9918
-0.5336
5.5613
-7.5115
-0.3536
-2.0565
2.6065
1.9595
3.9707
1.1044
-6.3922
-10.8521
-3.9815
3.2492
7.8924
7.5530
2.2289
-0.4275
-6.6114
-0.2329
-1.8382
13.5121
-8.6803
-5.3655
-12.5477
-5.1129
5.6353
-7.0172
11.7023
-3.3388
-8.3002
-6.8401
-8.3589
-10.0257
-5.1207
2.7129
1.9268
-2.2374
-14.2787
-0.8241
0.2750
4.9668
3.1450
-13.4712
-6.0989
4.6594
-15.9180
-3.3981
-3.6189
-6.9853
-4.9585
-8.5442
-7.5426
-9.4933
-1.3732
-0.6416
-4.9590
0.2429
-4.3608
9.4270
9.1198
-3.4408
-4.2997
-3.6677
-1.7493
-5.1646
5.3071
-8.1601
-7.4135
0.5155
-3.1912
0.4071
-1.6789
-7.3008
0.8452
-1.8286
2.4274
-5.6135
2.9204
7.0912
-5.6605
7.9369
0.6476
6.2754
-3.2940
10.9043
1.5266
0.8932
-9.1262
4.7495
6.3882
-5.2841
-5.7587
-0.3865
7.7792
2.9089
-6.6147
5.2679
0.1157
-4.2196
8.7083
0.0586
0.0521
-4.6589
6.9591
-3.9643
-12.0211
-4.4865
-10.5571
-2.9239
9.2175
-2.6547
2.4339
7.8094
-0.8623
-2.5817
-3.0280
-2.1986
13.1342
-5.7809
-13.6182
-0.9016
5.0207
-3.8405
-7.0022
2.5801
2.4248
-12.4643
1.6469
-5.5639
9.7592
3.0530
-0.7264
-5.2995
-1.9169
-10.0337
-3.8432
-0.2437
7.1631
-4.4964
4.5075
-5.4682
3.8061
6.5754
-3.7664
0.6980
-3.4655
-4.1827
0.9782
15.4292
3.1448
2.3259
0.3469
-3.6880
-10.2575
-0.1424
6.9658
-5.2135
0.6399
-1.4539
7.3536
-3.5829
6.9239
-0.6792
4.5796
-6.4078
-4.4280
-7.9616
-5.2898
-0.0391
-1.9647
-6.0049
6.8923
-3.1760
-0.3414
-8.6976
-1.9197
2.0908
-6.4364
0.3636
-1.8148
-6.4409
4.4030
0.2635
-6.2301
-3.2912
0.9022
-12.1893
-5.4972
0.2486
0.1333
0.9080
-3.5579
1.8813
-3.6740
2.2181
-8.7869
10.1939
-4.5387
-4.0414
-5.2444
-7.2446
5.7786
-6.6451
-2.4969
-0.0766
3.2318
11.2960
-0.5270
-8.5077
14.8031
-3.8882
-4.5914
-7.5943
-12.8706
-0.1487
-1.2203
8.8476
-4.7702
1.8315
9.2043
2.0407
0.4488
0.4839
-1.1882
2.3173
-2.0671
-5.4731
-0.4750
-1.2902
6.5032
-11.9777
-5.9580
-7.5936
1.7024
-4.0049
0.5539
8.8144
3.1758
-1.6156
-7.0810
11.2416
-3.2655
-5.8673
8.6057
-6.8473
-5.3291
-4.0158
0.0505
2.7254
-5.1649
1.1447
-5.7152
-13.0423
0.2594
0.7064
8.9940
-2.2491
6.5479
8.6752
-5.4347
3.6026
3.1477
-4.4864
0.8022
-8.0083
-0.0535
-0.7861
5.9731
-0.2982
7.5036
-6.5519
-19.8620
9.0873
4.6646
5.7407
-5.0721
-8.0144
-5.3880
-1.9430
0.0182
-3.2970
5.5130
-3.0640
0.1107
-13.3346
1.4739
0.9777
-3.5770
-4.8443
-2.8657
-9.1870
0.4061
-16.2613
5.5361
3.8941
0.3127
3.7623
-2.4991
-0.9588
7.3774
-2.3138
4.0437
-2.3518
-3.8415
4.7666
8.0320
7.4188
-3.9628
13.8242
4.1276
5.2480
3.3421
-1.7100
-5.5613
7.7173
3.2358
-1.4618
1.0118
-8.6552
-0.9234
-0.8418
-2.6479
3.4466
-3.5786
5.4285
4.6575
-1.8960
-3.2696
-0.8829
7.5378
5.2489
5.9140
-3.0630
-0.0008
-19.9340
5.7420
10.2132
-2.4248
-4.7901
4.3715
-6.0662
0.7866
5.4864
-7.7738
8.3455
-0.2849
0.7143
6.0232
-5.6417
-1.6520
5.5853
4.7506
5.3731
2.5017
1.7579
-6.5881
10.5493
-2.6705
-2.7499
12.5804
9.4308
-8.0772
13.8006
9.5390
-6.5626
0.2446
-2.5811
5.2874
-3.8977
5.4157
3.8747
-4.0386
1.9139
-4.0720
-6.8409
-6.0735
9.9963
-4.2945
5.4042
-4.5334
-0.8851
-3.5386
2.3111
0.6721
1.3000
14.4306
-12.0964
-1.0865
-0.5469
-5.7091
-5.3920
0.3673
-0.6253
4.9776
6.9402
2.8506
-4.5035
3.9527
-8.0986
-2.5807
6.5187
1.4560
-11.1369
-1.6243
0.7733
2.5362
1.2457
6.0444
1.6299
4.2070
15.4240
7.6663
-1.9311
-0.9728
-1.8526
1.7096
6.5563
9.1683
-3.7393
-2.2716
-3.5314
10.0409
9.2867
2.4812
-0.6048
-4.7983
-11.5209
3.0806
6.0414
6.5458
1.5368
3.0074
8.1454
-2.2588
6.9048
4.1714
-3.0550
-4.8153
-7.9727
1.8039
0.1408
-3.4375
8.0611
1.6561
4.6744
-1.6643
8.6730
15.7411
-2.4747
0.1838
5.5168
4.5646
-13.6165
-4.0310
1.5634
1.5303
-6.0529
-0.7838
2.4034
-10.8029
0.8213
-9.7683
-12.4877
-7.6273
2.6678
3.5318
2.4068
-17.4011
2.1001
2.2582
1.8162
7.7100
3.7664
13.1889
4.8206
-3.8758
7.1873
8.9665
-1.8920
8.7137
9.7270
-2.9238
9.7007
1.1788
-0.4608
-7.2339
-3.3799
-9.5704
-0.2440
12.1575
1.7435
-2.1803
3.1363
3.5968
1.9394
1.2501
-5.5416
-2.6735
8.4888
0.9470
3.2262
1.0725
-1.7745
3.3540
-3.8688
-6.5675
5.0756
-0.6402
-2.1616
7.5492
7.9993
-2.3601
0.6849
-5.4704
-6.6187
-1.2349
-6.1816
7.5828
-16.9438
6.6352
1.6917
6.1184
7.6427
14.0856
2.1197
-7.7931
1.1676
1.4818
1.5279
-0.3406
3.1962
-4.1005
1.2618
-1.1911
1.0305
-6.3389
-0.3526
-3.8194
-6.4412
-9.0409
-0.9973
-6.5602
7.2949
-8.2937
7.0630
2.9054
0.4428
-0.3820
17.8602
-1.9699
0.5048
7.9587
-5.8232
0.2429
-2.7631
9.6717
-6.7320
1.6447
1.2524
2.4721
0.9837
2.3104
-5.2694
-0.6018
-9.5090
-1.2172
4.1599
1.5716
-4.6151
5.7764
-5.3731
-9.1769
6.6887
-6.1759
-2.5953
5.1237
-9.1061
-1.9271
-2.6096
-1.8039
-0.3169
-24.1352
-3.8606
3.8442
6.6629
12.1635
-7.5359
-7.4911
-6.6992
-2.3211
8.4041
3.0198
3.5094
1.1193
1.0816
-4.1704
3.0072
-6.9577
6.6192
-5.4673
-6.7654
-7.4741
-5.8732
-2.3846
-0.9854
-4.7059
-9.9573
-6.7029
-7.9617
5.8179
-5.5980
8.3414
-0.0512
-0.6001
4.7417
-2.4999
-0.6798
8.2539
-3.7510
7.3302
8.1123
-6.7502
11.6584
7.8706
5.5187
-0.3476
0.5639
3.8406
3.7527
14.9594
-3.4602
-0.7229
5.6296
4.1676
-5.2146
-2.4946
1.6868
8.0773
2.3406
14.3656
-0.7704
1.7432
-1.2189
-1.8003
5.4920
1.4332
-5.3593
6.6458
-1.0439
-5.9402
5.1468
-7.7142
-5.8344
0.5310
-2.7831
4.1493
-13.4244
1.8962
-3.4733
15.5748
4.9613
-3.8742
-1.3272
0.0250
11.0760
-2.5240
4.9370
1.2296
1.7407
-4.3770
1.1789
1.1156
6.0943
10.0187
8.5833
3.5853
4.0886
-0.1856
0.2003
0.8309
0.2992
3.1217
5.3517
4.0046
8.0955
3.6401
-5.6402
0.9862
-1.2892
8.1340
6.2801
-9.4447
-4.3850
-5.3687
2.0087
2.4015
5.5266
8.0708
1.6492
3.0243
-8.1886
-2.0930
0.3476
5.2456
5.3815
-2.2623
-9.3500
-1.1152
0.5014
-2.8665
3.6564
-0.5557
-4.0361
4.8244
-0.9295
15.3294
10.9165
-3.6376
4.9900
2.7546
-5.9719
2.3536
0.3173
0.9258
-1.5122
5.3803
2.1743
-0.7170
-1.9054
7.2952
2.9692
-1.5614
18.3390
15.4520
5.9264
0.6236
-10.6530
11.0362
0.7303
2.8732
-5.9222
5.6563
4.8224
0.8918
5.7575
-1.7666
1.4639
1.0177
11.8434
3.3492
6.3160
9.2225
-6.5574
7.4106
3.4441
5.3930
-2.6186
6.2985
8.1897
2.6432
6.3601
-4.5732
4.2400
4.4415
-12.4003
14.2611
6.8885
0.4129
2.5239
-2.6838
5.5807
-3.6680
-2.4636
-1.0111
-10.6026
2.3638
-4.3223
-4.8934
3.8367
6.5132
7.7978
-2.4744
9.4672
-0.3198
2.3762
-6.7653
15.2267
15.4836
-3.2466
5.6891
-13.4493
2.2376
6.6228
1.4375
0.7183
-4.7405
-1.9974
-2.1298
2.0333
18.0866
-5.8704
-10.3860
5.6040
0.2044
10.4996
4.8460
-4.7432
-7.1383
5.2706
6.8243
-2.8955
4.0194
6.2660
-4.2014
-1.0853
5.4583
3.5479
-4.1827
4.7174
6.6515
5.7450
-6.8379
-1.4044
0.6772
5.1851
4.8762
0.6399
1.2091
2.2035
3.9518
4.8618
-7.9308
-6.7112
3.6871
1.1661
10.3475
1.7918
-4.8910
1.6359
-2.5368
-4.4149
-10.8140
3.5156
1.7733
2.0272
-4.2102
0.3367
-4.5138
0.3046
6.7274
-5.6083
2.7105
4.5890
12.9915
-9.7289
9.0065
9.2974
-3.2755
10.5973
1.0831
-4.6608
-3.3957
0.1377
14.6847
-7.8788
-4.3217
-3.6119
8.5448
-1.5127
-3.5354
-1.4902
-11.2465
2.4985
-4.8226
0.1463
0.9449
-11.9279
1.7144
-0.4951
1.8303
2.0138
-5.0044
6.6263
-5.5872
-1.6470
6.1883
2.5691
-4.0383
-1.3162
10.1689
1.7148
-7.4898
5.1030
-6.0223
2.0311
-1.6506
-1.3212
1.3263
0.2423
10.5674
-12.5591
-1.5257
-4.4305
-8.9000
-4.1366
-3.6064
-1.6598
3.5915
-6.3474
-0.3452
-3.0914
4.4222
10.7411
-6.6366
-0.3620
6.4702
-8.4996
12.1004
2.2842
3.5841
-1.7309
2.2980
1.5834
-2.1659
1.2875
12.1267
7.5997
7.5749
-1.6961
-5.3620
6.5471
-0.2312
-1.1884
2.2655
4.6769
-1.3989
0.1954
-5.8331
6.4908
11.3369
0.1472
-5.5881
-0.2275
2.5652
5.2295
-8.2905
0.0294
-11.3366
-1.1111
8.7541
-6.2500
0.0142
-1.0294
-0.3868
0.4246
6.4330
-8.1644
-5.1840
5.5156
-4.7355
-3.1061
-2.6627
-0.8255
11.8511
-7.3768
-11.4144
12.1354
5.1136
-4.9329
4.4441
-19.2587
6.4211
12.1511
5.9771
9.2455
11.2112
-4.1198
-8.0363
1.4851
12.2011
2.5977
-2.0854
1.2724
2.3456
-3.9970
0.0341
5.9936
-2.3015
-1.7222
-6.8538
8.1005
4.6065
-11.5020
8.2046
-6.3226
7.1911
3.0494
7.7758
-5.6392
1.2293
-1.5817
0.0838
-6.2010
0.8801
7.0967
-0.0493
5.5781
-0.0115
-0.5570
0.9494
0.3073
4.4812
0.6802
1.0043
2.0563
1.9346
0.7097
7.8197
1.5402
10.7075
3.0031
1.4537
8.3915
-0.9209
-10.9212
14.1046
12.6960
13.5251
3.0920
-7.3711
-4.6346
-9.6062
-11.4610
6.2635
-4.5937
7.4586
-2.4158
4.4295
7.2935
2.6654
6.7577
3.9597
-7.5208
7.0193
4.1757
-0.2423
-0.1335
7.4118
-1.0126
-6.1978
8.9900
-5.9519
7.6595
1.6156
5.1189
10.1750
13.0111
-1.8059
1.6012
2.7873
-3.4660
-1.4722
-3.6005
0.0720
-3.2096
13.2561
-8.0485
0.2599
-1.7898
0.4059
-2.6073
8.0756
6.1591
2.6461
0.4251
14.9199
-3.7404
1.9295
-0.2712
-1.6561
-1.0170
-3.1553
2.1659
-0.3220
-3.0205
7.8894
6.3855
13.2812
2.1861
-0.9093
-10.2807
-4.9015
1.9081
-5.0737
13.5531
-0.7791
11.8215
-4.8431
12.4103
7.9082
-1.7123
1.4454
-2.9475
-4.9142
-6.9010
7.2134
9.1951
-2.7281
-4.4010
11.0518
1.2528
-1.9610
4.9120
-1.7159
8.2759
1.6645
0.0544
-1.5065
-5.0813
7.3918
12.5023
0.8606
0.7805
-7.5473
-13.3475
-4.4045
0.1704
11.4926
3.2774
-9.4562
-0.6587
2.9704
-3.5562
7.9334
-1.1648
5.6397
11.7740
3.3383
3.5819
-1.9021
-4.9985
-3.7416
4.2046
-0.3185
-5.9259
2.6531
-0.1080
5.8743
5.1723
7.6696
7.4930
-1.7774
-5.6596
-4.3336
7.8902
4.1339
-4.5111
8.2115
10.4083
-6.4480
5.8352
10.6090
-1.4407
4.2472
-8.5042
-0.8535
-7.5009
-8.0583
15.8652
-1.0277
2.5571
2.7240
-1.0879
9.9087
12.1951
-3.7491
0.3658
4.9842
-7.6515
-7.4428
-3.6098
4.0863
2.6763
-4.6406
-7.8978
1.7699
1.8493
12.8875
-0.9592
-3.2376
-3.9244
10.0419
-8.0975
2.5815
0.0386
-5.7844
-3.7388
13.6702
-4.9258
-2.0159
0.0413
13.2580
-5.5111
-0.8630
10.6060
-1.2059
4.4860
0.7606
1.1386
-5.7065
-12.4840
4.4521
8.7779
3.8437
1.4253
0.7984
-7.0234
5.4797
4.5041
-5.9566
1.3941
1.8070
-5.6563
11.5905
-8.6230
-13.5010
-10.3512
5.7439
2.6952
4.3300
-9.7812
1.9444
1.1091
7.6770
1.2065
2.9288
7.4617
5.5796
-3.4656
2.4821
7.3167
3.7609
2.8960
5.4104
2.5588
0.7349
-0.7053
13.0327
-0.6506
-1.2758
-4.9290
-2.5824
10.2352
-1.3343
7.2869
-4.7790
-0.4042
-5.0025
0.6313
-4.1921
-0.2125
-1.6210
4.2459
-0.8914
-8.2097
-1.6619
-1.4541
-1.0678
-6.2247
5.4935
-3.8866
-0.6652
-1.7732
7.4911
2.2288
-3.8201
5.0559
4.6272
-6.3588
-2.3047
1.6187
8.4367
7.1131
-2.0530
6.7730
-1.0606
-6.4388
3.9240
4.2119
-0.1956
6.1769
-5.1354
-2.7962
4.7031
-0.3831
3.6759
3.7353
-12.1082
4.8054
3.5603
-5.7157
-6.2148
-4.2619
2.2213
-7.5168
-5.6093
4.7961
-7.7721
-17.5327
-12.9702
-2.5954
2.7104
-2.3371
-3.6140
-1.1481
-14.6914
-3.5731
-5.1810
8.6360
1.7534
0.9753
3.7931
-0.7625
0.3556
3.2515
-7.9830
1.4782
1.7638
-6.5336
3.0276
-4.2280
2.5752
-3.0087
-12.6235
1.7578
2.2854
-0.4051
0.6116
-5.8589
-0.7868
2.3923
-0.2386
-0.3293
-11.4850
-7.4134
10.4212
-9.7089
-8.2498
-3.5370
3.1914
-6.7906
-3.0379
-6.2513
-1.3008
-2.5314
-7.9799
-7.0563
7.7692
-0.6462
-4.3282
-3.1857
-4.2161
-0.5605
-1.9190
0.1557
-8.4136
1.5908
-6.0895
1.1784
7.2087
2.0355
-0.2869
-4.0817
-4.1399
1.4438
10.9749
-2.5653
-4.4587
-6.4450
-16.1068
3.8027
-7.3181
3.3167
0.3343
-4.9957
2.6993
4.3249
-3.7120
-4.5401
-4.9895
-8.2229
3.0833
3.1321
5.7917
-4.4504
-4.7144
-16.0256
-5.4233
-1.9255
-9.4181
7.0918
3.4392
4.1165
-4.5511
-1.9270
-1.3905
-3.6451
-9.1796
0.6531
-0.2603
0.5228
5.5073
-0.3532
-3.8231
-2.4195
16.3745
0.8369
-6.1781
5.2428
1.6214
9.1467
0.7533
-3.1843
-0.9485
5.2130
-6.4534
0.2453
4.6442
-5.5911
-3.6238
-7.3799
-0.9436
8.1516
-6.4805
16.7437
-4.0396
-0.0282
-10.5358
-7.0804
-7.4623
-3.9308
-13.7158
6.4210
6.9249
0.2379
2.7141
-12.3186
-6.6615
0.8521
1.4026
6.7662
4.4041
-3.4765
2.3434
-7.3003
0.1118
-4.7841
2.7166
-3.5750
-0.0753
1.1916
-3.3303
-11.8710
3.7856
-7.6866
4.9671
-0.0215
-5.9370
-2.9078
-7.1689
-8.1543
1.8146
-3.1794
-9.0648
-3.2302
0.1142
-0.3431
-2.0711
-2.6214
-7.0881
7.1367
1.8556
3.9746
-5.6268
-8.3560
-5.5437
-2.3733
-7.4145
5.8903
2.4240
-10.8573
-9.9084
-18.5092
-1.9768
-6.9637
0.5689
1.5284
9.2088
-1.1720
1.7807
-1.0203
-3.2080
-5.4492
-8.7436
7.7308
-3.0044
-1.1356
5.4875
-8.3777
-5.4315
9.4639
-2.7221
-0.4900
-4.0819
-0.2324
-1.8289
4.0990
3.2461
0.0267
3.0628
-11.5977
-6.5310
9.1108
4.8206
4.1827
5.3355
3.6279
5.2063
3.1522
-3.7728
8.6809
5.6021
6.8258
8.2446
-2.1158
-1.1499
-1.8744
-13.1654
9.6426
3.2817
9.9121
-0.7305
8.7561
2.2982
-6.5651
0.5948
5.1991
5.4629
-2.8519
11.8362
0.5411
-6.3784
6.3177
-2.0781
-6.6024
-3.2124
6.9029
-6.5467
-1.6874
-0.1326
5.3058
3.8879
-0.6656
-6.7652
0.3726
-2.9925
5.2979
3.6503
-7.8468
-0.0036
-3.4197
-3.0543
-7.6127
-10.8967
-1.2186
-5.3821
-4.7219
6.7407
2.6768
7.8516
-1.3006
7.9013
2.4125
-1.3376
-7.7937
3.1017
-3.1620
-6.9235
3.8056
-0.0793
5.3241
-5.4157
1.9785
0.2688
-12.0444
1.5227
-6.5082
1.2802
6.7517
-5.4755
6.3811
3.0857
-11.1342
-4.6788
-4.9974
-6.1720
-1.2680
5.7591
4.6245
-2.6748
-4.0238
5.3969
-1.6788
-1.0608
-1.8572
-1.1504
-11.6299
5.2977
-2.2018
-5.5874
-4.2142
10.5955
-3.3480
0.5831
-9.6864
-3.7690
2.8386
-0.4508
2.0168
-4.6064
-3.2654
0.2190
-0.2119
-7.8386
4.3156
18.4471
-4.6701
3.4414
-14.0367
3.4624
5.8115
-2.6881
0.8235
1.5679
7.8137
4.0172
5.3363
-1.3385
-6.3917
-1.5776
-3.7686
1.7997
11.6392
1.3640
0.7950
0.5648
-3.2442
-11.4193
9.0927
-4.1646
0.9302
1.1788
-7.7397
5.0116
-0.8017
-5.8359
1.1879
-9.1876
0.7654
0.2088
-3.0935
-6.8827
2.1176
2.2872
3.6962
2.1888
-0.2812
-3.8112
0.6289
-2.5095
-10.4063
2.7493
4.2849
0.5812
14.0253
-12.4206
-3.9532
-1.5916
-6.0695
10.9428
-2.3586
3.8634
8.0466
-7.0146
5.5065
6.0251
-13.5494
2.7588
2.4824
-9.1390
6.2558
3.3678
1.4756
-2.3792
4.4277
11.4966
3.9624
-1.1009
0.9666
-3.4295
8.6239
3.0206
0.5885
4.4257
-2.3745
0.3528
-8.0968
-6.4884
-2.7072
-12.4907
3.9584
-3.3563
-1.1933
-1.8197
2.1351
-4.4595
1.6850
1.2361
10.5426
-7.9216
8.9599
-9.4220
-4.9744
-0.4606
-12.1739
-12.3088
5.8840
6.4314
-2.7599
-9.0906
2.4648
4.4836
-1.9332
2.4899
12.1426
-5.2725
0.7777
16.9696
-5.4058
-3.1867
3.1046
4.7960
12.7103
-2.2597
-1.3027
-1.1907
-2.8141
4.8664
-3.0505
-3.0367
-0.8761
-4.8010
3.7687
2.1744
-6.0754
-6.3968
-14.4575
1.5796
6.2791
0.8275
-0.1312
-0.2991
3.5018
-9.9952
-6.1915
2.5393
11.7393
-9.5428
1.4188
1.7682
-0.0179
-1.7531
-3.1110
1.0116
-0.0055
1.3740
-6.2352
-9.7765
-7.7217
-4.7622
-0.4385
-6.4261
-1.6583
5.0544
-2.7326
1.7677
-2.1467
6.3326
-9.6827
10.3341
0.4772
-3.8928
-5.5358
-1.2898
-6.4704
2.2920
-4.0682
-1.1900
-5.3257
-0.2613
0.4449
-2.9840
5.4646
-13.2625
5.2328
11.5651
-0.6361
1.3872
-1.0568
-7.9658
1.6140
-3.7464
15.2842
-7.4116
2.3864
-7.6789
-4.7838
-0.6737
-4.1719
-10.0553
5.2498
4.8006
-4.0451
1.8914
-1.3819
-0.7601
-4.2025
-3.2629
-0.6568
0.0334
9.7912
3.7948
4.0166
-8.9873
11.1576
-7.1717
-2.3891
-3.6204
1.7784
6.0385
0.2141
-7.1159
1.7579
-0.3976
8.9573
2.1998
-0.6750
-1.6804
6.0671
3.5705
-0.3319
-8.7919
-7.0830
-1.7679
-1.6797
3.4489
7.1746
2.6937
2.9426
-2.4732
5.2091
6.3406
3.9257
2.3638
2.7198
-9.0970
2.3565
-3.3606
-3.7529
4.8624
-2.1339
6.0037
7.4981
5.6932
-6.2931
12.7138
3.8426
-1.4967
2.8146
-3.0118
-0.8092
-0.2326
0.0783
-13.6027
-8.0912
2.5584
-7.4285
2.9061
-2.3973
5.8341
1.6528
1.7752
8.5820
2.0469
0.7782
3.9185
-2.2690
8.0341
-13.4798
-16.5156
4.8391
5.2655
-1.6368
-4.6093
-5.5518
-9.5409
2.4935
1.4123
-4.8636
1.7943
-5.7261
-4.6741
0.8650
-1.9425
-2.7297
5.5591
-1.5618
-1.4262
8.2277
-1.3202
-11.7411
7.1325
-10.8772
-2.1208
-0.9042
-0.9921
1.2339
3.8504
-10.8583
5.2653
-7.1652
-4.4493
2.5451
-1.4175
-9.8774
9.6492
6.7519
-4.2876
4.9596
-6.2524
-2.8215
-0.6089
-5.1570
12.0462
-1.6750
-1.4780
-3.7547
-4.8667
5.3794
-0.1114
-7.0470
-4.5626
-3.0227
-4.4008
7.7718
7.2362
-3.5508
-16.3497
-1.5171
-5.8668
0.9229
-8.2692
-7.3265
4.6914
3.6208
2.6018
-7.8108
0.5855
-0.8004
-11.2647
6.1355
7.8229
-6.6807
-2.8397
1.2020
-1.8737
-10.0523
2.8877
5.7336
-0.3248
10.2961
-8.0216
-6.4160
-4.9337
4.8993
10.8173
-1.0196
2.2573
-2.0644
-9.4099
-2.6411
14.4151
2.8280
-3.5832
7.1760
1.5678
4.3070
-11.0844
-5.3106
-1.5734
8.6634
-0.4467
-4.9759
-1.7162
-5.4739
0.8966
-0.4116
1.9908
-6.4367
6.8281
-9.2110
-2.8865
-5.6322
4.2220
-2.7630
-2.5727
5.6833
-3.4077
1.9481
-4.4446
-5.7270
-1.3444
4.6660
-2.4962
-3.3433
2.5285
-0.0934
-10.5967
2.6780
-1.8835
5.3996
-5.1540
3.5050
-8.0998
8.3024
-13.4952
-3.6003
1.4830
6.4828
3.6890
2.4638
5.9100
-2.8997
-1.5621
1.4647
-9.1937
-15.8047
7.2772
-2.2072
1.5835
-11.0570
5.5635
-10.5287
1.7611
7.9259
6.9801
-2.6178
4.7220
-1.3793
-3.9204
-5.0253
-13.1023
-9.9919
0.0389
-9.9933
-4.7363
4.5288
0.3271
-2.9949
1.2688
-12.8170
0.2825
-0.3068
-11.3293
6.6949
-10.2760
3.5250
-3.0578
-4.1157
-4.3191
-3.6763
-7.5939
-6.0823
-5.3224
3.1992
-8.4247
-0.7383
0.6880
-9.5549
8.0457
-12.5779
-1.0947
-9.6312
-0.8141
-3.4860
-3.7647
-5.7726
1.0734
-3.9117
-3.1210
5.1320
6.2424
3.0720
-2.4119
1.2146
-5.6057
-3.8680
-8.5043
-5.0235
-6.9604
-7.7032
-2.4678
6.5309
-3.7637
5.6807
1.8069
-0.7413
-2.4610
-1.0917
19.6039
5.4703
3.1520
5.3512
-1.8279
8.1580
2.5071
0.1819
-7.5378
-5.1549
-1.8499
-4.5995
-6.1017
-1.7919
13.8947
-1.5331
10.2196
-2.4532
-0.5845
-2.7479
4.6455
4.8771
0.3521
12.5212
11.3777
-2.2717
6.6969
4.1549
-8.3302
-1.7059
3.7834
7.4992
-4.3713
-6.6627
-10.1688
-3.7686
-6.7057
-1.0216
-3.6789
4.1216
0.0791
2.5650
-7.9358
-3.0409
-2.0814
-5.7391
-1.9515
0.7092
-0.9977
6.5375
-5.2210
-2.7467
-1.6899
3.0863
1.4576
-10.1636
-8.1865
1.1832
1.2504
1.7609
-1.3394
7.8323
3.2285
-14.2501
-16.4533
-7.1043
3.8420
0.2674
-2.2922
3.2799
8.9670
-1.5483
17.3665
0.9011
2.4998
-6.2102
-0.1193
2.5209
-5.5743
-1.7783
4.5410
-1.2305
3.8570
1.9592
-2.6073
3.2539
-5.8758
-6.0156
-8.7903
-4.1006
1.5374
-5.1636
-5.5875
0.2737
-4.2292
-5.9758
-5.9367
-8.6802
2.4916
-14.9831
-1.2830
-0.5331
3.8502
1.1134
0.8942
7.4724
-10.8846
-6.5695
-7.3249
-4.1710
-8.5224
5.3430
-0.7916
-1.0246
0.8572
-4.9448
-11.8308
-2.6090
-1.5511
-3.5353
15.3374
-1.1485
-3.9413
9.6963
-1.3640
4.7302
-0.0707
-6.4431
8.0618
-2.2893
1.2240
-11.1157
9.3146
2.4452
9.9016
-1.9692
0.3878
-8.9676
-1.2020
-6.2281
-2.5419
-5.7864
-0.7337
4.9942
4.4180
-7.1431
1.0458
-21.9131
-2.6956
1.2334
-0.5223
10.4225
6.9292
6.1414
-3.6525
-7.8744
0.1140
0.6070
-2.7352
5.8767
-1.8220
2.9003
14.3074
0.7186
2.4983
-4.5558
3.1977
0.8314
4.5421
4.4323
-3.7806
-0.3126
4.1382
-7.4854
1.8411
-1.0629
-0.0440
0.3414
-8.6570
-1.6322
6.8001
-10.0103
5.4419
11.8153
-1.3633
5.0641
-11.2610
6.8628
-7.9129
2.8763
-1.1848
-0.4716
10.0258
11.3179
4.0938
0.1236
-0.6992
1.7998
-10.6144
-1.0436
13.5019
-6.8911
9.4654
8.5697
2.8130
-0.7039
4.0283
14.3681
-0.1202
11.9290
3.8533
0.7382
10.2095
-3.2825
0.7582
2.0681
1.5321
8.8392
4.4910
-0.3380
-5.2359
-3.3585
6.4151
8.0318
10.4152
-2.1759
-3.7057
8.6132
-2.0742
8.3478
-17.0018
2.3564
4.4611
0.7633
-5.8172
-0.3537
3.8725
-0.8230
5.5369
5.1964
3.3173
0.4296
-2.9422
-2.8870
12.2536
-7.2768
-4.7401
-1.8503
7.7432
-2.1472
-5.0391
-4.9988
5.3934
6.4095
-1.4724
6.9010
0.5845
6.6098
-2.8958
13.5485
4.5513
0.8604
2.4215
-4.5863
-6.4005
-7.8839
-16.2371
2.2332
12.5728
-4.2172
0.8152
-4.0866
-1.4718
4.4174
4.7694
9.4181
-8.4700
3.9701
8.0636
-1.7945
6.6601
-3.2165
6.0916
-2.9152
-5.3012
3.6579
12.0064
2.5305
12.5384
14.0636
0.6377
3.2203
14.3911
-1.9678
4.3268
2.0601
1.7978
-7.4320
1.5021
1.8434
-0.9950
7.7269
-11.1353
-1.9805
5.1298
10.0834
2.2368
5.2938
2.3114
2.2297
4.2333
-6.6730
-1.3105
0.7653
-4.2120
6.3639
1.5912
-5.6440
-5.8217
-7.1665
-4.5538
-1.9628
0.0039
-1.1186
-4.3101
9.2113
2.1338
8.0096
-2.3232
-3.6114
1.0189
-0.9375
2.7279
9.5900
-0.5016
5.8368
-3.7322
-5.7276
4.3629
-7.2981
4.1695
3.3770
-5.7988
9.8885
3.2950
-5.5054
-10.5384
-1.7423
-0.3183
1.5486
2.8460
11.3598
-3.3685
2.6317
1.1336
1.7475
-6.7287
7.0554
-5.4364
-5.8090
-8.9151
9.4157
4.4358
0.7123
1.5636
4.2195
-4.5432
-2.3787
-1.3195
7.5285
-1.0404
-0.0307
5.5736
-1.0412
6.4397
3.3293
3.4393
-1.7879
10.4534
5.9860
-0.7300
10.5661
-7.8432
-5.3815
-7.4655
-11.5139
6.7267
-1.7095
-6.5842
0.6297
-3.4212
5.7776
6.3609
8.0092
14.1355
10.3287
5.8293
0.8369
-7.3095
-1.6624
-8.1715
-0.2157
1.2002
5.4465
2.9577
-4.5960
5.6435
-10.4072
-2.2811
4.9806
6.5917
-8.1479
-1.1116
-5.0948
6.3139
10.8365
-2.8221
-4.3975
-2.8829
10.8084
-2.0926
0.6896
-7.2810
5.6781
8.4522
1.9199
-9.4460
-6.7054
-3.3437
2.7214
-6.5284
-2.6259
-3.5550
0.3056
-5.1529
9.4838
-3.4223
4.1772
6.0543
2.2495
14.4580
-3.1463
-1.9158
4.4838
13.5876
3.0689
-13.8934
7.4866
1.2687
5.9641
8.2226
-6.7401
-1.1525
1.3611
-1.4434
4.7110
6.8916
4.2372
1.7344
-3.6594
-3.8287
-2.6303
5.6819
4.3648
2.1005
-6.9796
0.4142
3.9525
-5.5631
8.9777
2.1868
-8.2517
2.1291
-8.4583
-0.2340
6.5201
-3.0893
-6.2548
-5.3107
2.2510
-7.7724
19.4894
-3.3611
1.3442
-7.0348
3.5814
-3.6503
8.4266
0.4991
0.8712
7.1737
0.3668
5.7035
-6.4634
1.6513
6.8255
2.8865
2.1767
2.8585
15.6562
-5.1985
5.2965
-0.6098
3.2534
-4.7262
1.9295
3.7006
-4.0207
-0.3256
11.2025
10.2276
-2.8366
0.1639
7.6791
0.0795
-8.2750
3.0242
2.7628
4.6251
-5.0680
-2.3246
0.4940
3.2110
-7.9573
5.7426
1.8966
9.5525
22.7200
0.2521
-3.8480
-5.0319
-1.3215
10.1804
-5.1009
17.1686
-5.1424
3.0496
-9.1498
-7.0383
2.2695
-4.0130
9.8060
-2.6853
6.4878
-2.5466
-20.5111
7.7057
3.5759
0.2273
-0.2825
7.4045
-7.9895
-0.0829
7.0064
-3.9009
2.0151
-0.5225
4.0548
-7.1740
5.9191
-8.8850
5.7468
1.3600
2.4930
-8.0413
2.9247
0.8425
-0.1838
-6.8287
10.8345
7.6726
7.0701
6.7633
-9.3227
-4.4022
7.7586
13.3942
3.3382
0.9954
5.7494
-2.8463
-0.9772
-6.6701
1.9904
-0.5885
7.9447
9.1234
-3.2087
-4.2668
1.4561
2.2069
-4.3938
-2.8576
1.7188
0.2941
2.3013
-12.4260
0.6834
-1.8478
-1.4505
0.8196
0.1329
3.0959
4.4019
-1.1175
-1.3557
-8.2901
2.4968
-5.9955
-3.0110
-0.3004
-5.8844
7.1955
1.6038
4.5231
1.6273
2.8670
-1.0121
-1.7476
10.1000
8.1201
3.6863
-0.0052
-3.8777
-8.5857
8.2803
0.1908
5.9316
9.7329
-7.6161
-3.5821
-0.7112
-3.1350
-6.1274
1.4380
-1.9384
-2.7346
1.1314
2.6729
-4.3021
0.1419
-4.2887
-0.4259
3.5190
0.2746
-2.0880
-9.2296
1.4074
-1.6121
2.1826
6.6698
2.6161
-5.0229
-4.4803
2.2663
-3.5848
1.3046
-4.7362
3.8152
-1.8790
-1.8757
-11.6127
-1.5530
-0.3114
-1.6047
0.4258
11.2895
-11.6288
-4.7283
9.9211
3.2379
5.1513
1.2271
3.5260
-2.9182
4.6659
-10.9052
1.4393
5.5210
2.3117
0.5015
4.2291
-1.3031
-2.9876
5.5471
-14.0779
-2.9600
5.4282
-4.3326
-0.2964
5.3222
4.7171
-1.5212
-16.9055
0.8153
-0.8889
-9.9995
4.3699
-5.4443
7.3353
-5.6144
4.4801
-7.4284
6.4165
-2.0709
-0.8263
-12.2083
1.5018
2.0616
-0.6182
0.4539
5.4323
6.0498
0.2389
11.4144
-5.4745
-1.5641
7.4994
1.1604
1.0996
-3.1530
-8.7243
8.0823
-10.7766
3.3171
6.0610
-0.7441
-12.8006
-6.0623
3.0912
-5.9563
6.2560
3.9776
-3.1915
-6.1200
0.3688
-0.8856
-0.7693
6.1289
1.9622
8.6757
-9.5260
-7.4832
5.4803
-9.7029
-6.0106
-6.5217
0.4768
-1.7127
5.5896
4.5758
2.6803
-6.6070
-5.2841
-3.0589
-7.3694
-9.4483
-7.3614
-6.2089
2.1172
1.0233
-4.5673
-7.0900
-1.4901
-2.3564
-6.5403
-3.5753
4.3104
-4.1006
8.3525
4.5013
2.9567
0.2657
-10.1529
-6.3748
-1.0147
4.4982
2.3584
2.1089
-4.7328
-7.3095
0.3793
-4.9861
-5.8043
-4.6192
5.7562
3.8796
-0.7894
-1.2054
2.3199
0.1755
-6.4921
-6.1450
-2.8249
7.7313
-1.2406
1.6905
-2.8435
4.5991
0.9991
0.4112
-8.8338
2.2594
-4.5006
6.5250
-0.5435
-0.7261
-4.9048
2.6862
-5.7303
7.7950
7.7412
11.0914
-7.1878
-1.3473
-8.6514
3.7724
-3.5980
-3.6357
-1.4027
2.6005
-4.3891
-7.8975
7.2607
11.9208
5.1118
-2.6866
-4.0533
-1.6227
-10.6614
2.2111
-10.9177
0.0504
4.8814
-0.9510
3.5643
-3.9806
5.1363
4.4926
8.4398
-4.4992
-5.4896
-0.9322
-0.0282
-13.2779
-6.9489
6.8256
-1.4795
0.4639
1.1369
-0.0258
12.1926
-3.0585
6.0575
-8.7790
7.4329
-10.1652
-5.0335
6.4440
-1.9891
4.7176
-5.4126
5.4672
-0.0960
-3.1633
3.9078
-4.2223
0.1648
-4.6884
0.6634
0.4986
1.6796
-4.3535
-5.5938
-0.3538
0.0103
-3.1959
-1.4921
2.5071
1.3342
4.9336
6.6652
-4.7608
-10.9968
-9.9716
-5.5780
1.4633
-8.4901
2.2526
-4.7278
6.6797
-6.7579
3.7252
-4.1784
1.7532
-4.7047
3.3643
-4.6556
5.6255
7.9974
-10.3319
1.8327
2.1605
-2.6333
-9.8228
4.5356
-13.9828
-1.9907
8.3740
0.9150
-1.2051
-4.1593
-6.0049
-0.0504
6.1571
14.5015
-2.5628
3.3424
-1.7507
1.9765
4.2476
-9.4798
2.4054
-4.5736
1.5938
2.6627
-10.5926
-6.4815
-6.3931
0.5077
-0.0256
2.6679
2.2903
7.7823
-1.3081
-0.7698
-1.9179
0.8967
-7.1502
-5.0325
1.5184
-1.6232
-8.7989
6.9628
-1.3216
-4.1331
-6.1059
-0.4942
-1.6361
-0.9175
-0.8570
-4.3498
-6.7481
-4.4614
-9.0263
-11.5159
-2.3494
-7.2612
8.7116
-15.3717
7.7816
5.2171
-1.6387
-6.5207
-11.1121
2.8949
-2.5716
-3.4247
7.1811
6.4973
2.0229
-13.5718
1.9137
3.9918
-7.5487
-8.4171
0.5250
-12.0703
-0.3689
-7.3172
3.8437
-8.5163
4.2706
-7.6496
4.0293
-8.6989
-10.9825
-1.5784
-0.0977
5.4731
1.8825
-2.9164
-5.7014
1.3770
-11.7535
-7.2366
0.3053
-2.5934
4.4432
6.3065
-1.3351
9.4547
-8.2883
-9.8990
8.3329
-11.1653
-7.2131
-5.5317
0.4629
-0.4188
9.5162
-4.5249
2.2442
0.3771
0.3875
4.9740
-2.6399
4.6333
2.9021
-11.2719
4.0625
-6.9846
-4.0812
11.4330
-5.1414
-5.2596
4.5970
-3.3496
-3.2939
-6.8813
1.3923
-0.6375
-7.3274
-4.3034
-6.7474
-7.0478
-0.7509
1.9498
8.4392
3.8253
-0.7701
-4.2441
-12.9974
-17.4458
-1.9874
2.8171
8.4628
-2.2101
-7.0125
-6.7194
0.4828
10.9607
-1.7828
-9.4387
-10.1120
6.6003
-1.1417
-2.5721
-3.6067
-0.0534
-3.2995
-5.9137
-0.8935
-4.2291
5.5803
2.7947
6.1987
-3.3360
-3.1605
1.9036
-6.6408
4.8291
2.5104
-2.3310
-4.5537
-11.6428
-10.2573
-5.9840
4.2532
3.0177
1.9933
-5.6652
-1.2455
5.7279
-0.8386
-5.9278
-14.0513
1.4147
-2.8013
-4.1779
-14.6334
-1.9570
-0.7615
6.0900
6.5009
-0.9723
-2.7896
2.4625
-2.3974
2.1798
3.2183
-6.7499
-0.8758
0.8997
-4.4416
-13.0410
2.9942
-13.8502
6.3841
2.2122
11.4797
4.5184
-1.8913
-7.0079
3.8742
-10.7701
-0.8771
-2.4476
-6.5491
6.3757
1.1982
-0.9613
-6.5790
10.6294
-4.9619
-0.0093
-9.2576
-5.5059
-8.2222
-5.7818
-8.9863
5.9266
5.3263
-2.9760
10.2530
-12.4018
-0.7265
0.4741
3.2007
-0.1635
-6.8668
-0.3477
11.4287
-5.3103
-3.1217
-9.9535
-2.5702
3.3245
10.5678
-9.5399
3.1140
1.8567
-0.4367
0.7786
0.7543
2.8399
-14.8669
-6.4440
-4.8257
4.1451
-8.9136
-3.6589
-2.3262
15.5071
5.0651
-1.9977
-2.8344
-1.1913
-5.4412
2.7110
3.1421
-3.2981
7.5774
7.0786
-1.9054
-4.3911
7.2069
-1.4335
-1.2892
12.3527
0.7325
0.8466
-5.8617
-1.6075
-12.1098
-13.7162
-4.9093
-5.7539
-2.5598
6.4602
-3.7761
6.2453
-4.1693
4.6330
-10.9664
2.5933
-3.2018
-3.3456
-8.3809
9.4440
2.3665
3.1096
5.9278
-0.6139
-5.7972
6.8481
-0.3812
0.0312
8.9513
-4.9802
-0.4265
-1.5899
-8.9134
6.9995
1.7966
-2.3047
-2.5824
4.2666
11.0393
-10.3758
5.4510
7.5394
6.0219
8.7117
14.6349
-4.6929
4.6971
2.3675
-1.7214
1.1088
8.4168
-0.7542
11.1979
4.1854
2.1157
-0.0669
2.1339
-2.1993
11.9269
-1.3584
-1.9414
10.4482
-5.8711
-2.4684
2.8868
-10.4251
1.3511
1.6525
-3.9141
3.2326
-2.0716
-2.9951
1.2930
-0.0303
8.5583
-4.9237
-1.6130
-17.8048
2.9686
-3.5600
0.5828
8.0586
4.7073
-3.8084
0.8241
5.4755
-2.9328
5.1087
14.7646
-9.5584
12.4836
-0.1690
-4.7454
-13.8854
2.1617
3.8844
4.5807
4.2173
-5.2168
1.9336
-0.0979
3.1829
1.6180
4.8321
2.6680
1.6519
-2.4869
2.4036
-14.2975
-5.4528
1.6156
4.2369
-6.2787
0.2625
-5.4864
2.7229
-1.7160
-5.0254
-6.5920
12.8552
4.5222
9.4232
6.6473
-5.7474
10.5184
0.0563
7.3057
-12.8598
-4.8908
-1.2120
-0.9322
8.8326
1.1926
-2.5079
-0.0997
4.4417
0.4618
4.3319
-0.4942
-7.2199
11.6878
11.9200
7.2740
4.1084
1.4957
3.9084
-9.6661
4.6342
8.9332
0.7741
13.1958
-0.8911
6.8010
-9.6673
4.6184
12.9404
-10.3426
10.4670
-2.5437
1.1392
-2.4677
-3.0900
4.6341
2.3680
-2.2731
-8.9051
1.5465
-2.4561
6.2548
-13.2289
2.0419
4.6705
10.0377
-0.4723
-1.2706
-1.9705
-4.9806
-0.1649
0.1414
-2.4864
2.7453
2.8474
0.3931
-0.9408
3.9056
4.3562
8.5413
7.8457
4.9113
1.5890
-11.8175
0.1596
8.5505
-14.9188
-6.9834
-9.7191
5.0044
0.4264
-9.8103
1.5496
5.6751
8.7455
10.7519
3.1763
12.4597
1.4113
-5.0731
1.5788
5.1610
2.2872
-1.3723
2.1132
0.9087
-2.9961
10.2067
5.6514
10.1998
3.7200
-7.1787
14.3032
-4.9652
8.8470
0.5692
3.2373
4.2745
-5.2792
-10.6013
-5.9955
-13.0595
4.7957
-2.1271
2.2154
-9.8492
-8.6125
5.4163
-7.3121
1.6194
-7.0075
5.5460
2.7388
14.5536
12.7222
6.9393
2.1851
11.3594
1.7471
0.7758
3.8532
4.5532
-5.4639
-2.9777
8.7892
8.1512
5.4486
-4.0890
-4.8179
-7.6109
6.6871
-4.7341
5.8135
4.9062
2.2245
2.5527
13.7932
0.3450
-6.4062
-6.4171
10.6237
3.4952
-0.6678
3.6771
-9.0938
-6.3972
-9.3026
7.2354
3.8710
-2.6226
-2.8958
-9.8444
6.0411
5.2646
-5.1752
3.6779
-7.3511
2.6043
5.0033
-8.0533
0.9896
-14.1782
-8.6946
4.8359
0.7274
0.9176
-2.4714
-9.2128
3.3030
-6.9194
-11.5987
-3.2409
10.2244
7.6071
-8.2376
-1.8654
4.2680
0.5038
-9.6982
-0.8117
6.2169
0.1600
4.7466
0.4442
3.6759
8.1059
9.2336
0.1517
0.1989
-11.8964
9.6496
0.6925
2.9067
-2.5879
7.5644
4.0566
2.0868
3.1267
-7.1963
4.4350
0.6678
4.7196
-2.2215
0.9495
5.6752
2.8338
-6.6660
7.0310
8.5031
4.2593
-0.9645
-9.9746
-13.4277
8.9746
6.3066
6.8848
-11.4419
0.8387
2.7611
2.9830
-2.9589
3.1060
-0.7038
3.3167
-3.9856
8.4205
0.7434
-1.9505
-10.1713
3.1824
0.3929
-10.0118
1.3096
-8.0355
-8.2124
1.7757
1.9366
-6.2980
3.7826
-3.0033
5.7335
-5.4869
1.4355
-7.5543
1.2001
1.0822
1.7080
7.6954
10.4060
2.5328
7.5373
3.3182
-7.0970
-4.1079
6.9109
-0.1918
-1.2292
8.3241
2.0680
4.9510
-1.4655
5.7711
1.6403
7.0715
3.1269
0.0765
-1.6770
0.9587
-5.6690
-3.8321
-9.2762
3.6100
2.3169
-4.4463
0.9776
0.7868
-1.5918
-2.3888
0.2362
8.5369
0.7276
-6.1410
0.7253
4.0735
0.0173
-1.6704
-7.2035
4.2698
0.7284
4.8080
1.4122
5.0243
1.4224
-2.5907
0.3208
-2.4510
-8.4867
-0.8428
-2.9570
-8.1525
3.1913
3.9291
3.8678
1.1037
-0.1761
0.8675
-1.7126
3.1569
8.8859
5.2690
4.2687
6.3646
2.7478
13.6520
3.0631
-0.4328
-5.6680
6.7922
-1.5711
-2.1208
2.1494
0.4259
1.6865
-0.1414
3.5201
3.3792
6.5705
8.8317
0.1066
-6.5616
6.8806
-4.2247
12.1056
13.0428
0.4366
-8.5797
3.8842
5.2370
4.4129
1.7818
5.8181
-0.9691
1.0198
3.3251
-1.6136
2.2344
-7.4424
-6.9793
2.8447
-2.3074
-6.4719
-4.0628
0.6027
4.9751
-2.2656
-5.3707